A
1 0
1 0
1 1

0 1
0 1
1 1

1 1
1 0
1 0

1 1
0 1
0 1

1 0 0
1 1 1

0 0 1
1 1 1

1 1 1
1 0 0

1 1 1
0 0 1

;
B
1 0
1 1
1 1

0 1
1 1
1 1

1 1
1 1
1 0

1 1
1 1
0 1


1 1 1
1 1 0

1 1 1
0 1 1

0 1 1
1 1 1

1 1 0
1 1 1

;
C
1 0
1 0
1 0
1 1

0 1
0 1
0 1
1 1

1 1
0 1
0 1
0 1

1 1
1 0
1 0
1 0

1 1 1 1
0 0 0 1

1 1 1 1
1 0 0 0

0 0 0 1
1 1 1 1

1 0 0 0
1 1 1 1

;
D
1 0
1 0
1 1
1 0

0 1
0 1
1 1
0 1

0 1
1 1
0 1
0 1

1 0
1 1
1 0
1 0

1 1 1 1
0 0 1 0

1 1 1 1
0 1 0 0

0 1 0 0
1 1 1 1

0 0 1 0
1 1 1 1

;
E
1 0
1 0
1 1 
0 1

0 1
0 1
1 1
1 0

1 0
1 1
0 1
0 1

0 1
1 1
1 0
1 0

1 1 1 0
0 0 1 1

0 1 1 1
1 1 0 0

1 1 0 0
0 1 1 1

0 0 1 1
1 1 1 0

;
F
1 0
1 1

0 1
1 1

1 1
1 0

1 1 
0 1

;
G
1 0 0
1 0 0
1 1 1

0 0 1
0 0 1
1 1 1

1 1 1
1 0 0
1 0 0

1 1 1
0 0 1
0 0 1

;
H
0 0 1
0 1 1
1 1 0

0 1 1
1 1 0
1 0 0

1 0 0
1 1 0
0 1 1

1 1 0
0 1 1
0 0 1

;
I
1 0 1
1 1 1

1 1 1
1 0 1

1 1
1 0
1 1

1 1
0 1
1 1

;
J
1
1
1
1

1 1 1 1

;
K
1 1
1 1

;
L
0 1 0
1 1 1
0 1 0